-1.251781690237629974e+00 -8.962941015894191565e+00 2.600313767461860692e+01 -3.203512704333649541e+00
-1.233789750950157860e+00 -9.580211027001736213e+00 2.701717261991403873e+01 9.186365454769612526e+00
4.107526654647575270e-02 -9.009835665161389784e+00 2.697310848134558015e+01 3.538428301042045199e+00
-1.343903631141417865e+00 -9.193472549216473055e+00 2.581370925655439663e+01 1.018160369074248450e+00
-6.768756707791873106e-01 -9.211893551148362391e+00 2.736894945176642580e+01 -6.470700526415564369e+00
-1.228845722044832778e+00 -9.065308274676095124e+00 2.774553412754746518e+01 -1.217005763284102748e+01
-5.901009874964847635e-01 -8.564522178177714551e+00 2.779901205103368511e+01 -1.070779673863292203e+01
-2.830644525123801714e+00 -7.892114645383378146e+00 2.450740508780207705e+01 -1.775227099888915916e+01
-3.202924327970079865e+00 -7.106079894123732643e+00 2.282694376165459715e+01 -2.572440973772525297e+01
-4.611208199852915079e+00 -8.480067942426790850e+00 2.082585291948110040e+01 -2.271263212337918347e+01
-4.653950783194419571e+00 -7.157798297529173404e+00 1.972440574070014208e+01 -1.295804912817087029e+01
-5.716625048638714901e+00 -7.905758199084603532e+00 2.059787667975229652e+01 9.483326389843593773e+00
-6.317197400080808656e+00 -6.765012076393854379e+00 1.765036575527096829e+01 1.630585916459645901e+01
-6.430625354840866947e+00 -6.778428334625971274e+00 1.770662037774170017e+01 1.656934197945709997e+01
-5.075586635511261768e+00 -6.159647484385441629e+00 1.714941220419039070e+01 1.668711181321852877e+01
-5.472165025053732812e+00 -6.321698393219749690e+00 1.669919161645230687e+01 2.213091406877463641e+01
-6.653459970821633540e+00 -7.107431396052117378e+00 1.514692977433493581e+01 1.953588802073852193e+01
-6.708944213250449096e+00 -5.645882480679903281e+00 1.431833600960312936e+01 2.079993734965151830e+01
-6.905813027187593711e+00 -5.406125115380401525e+00 1.346204562846804365e+01 2.544129274984956268e+01
-7.832312229044116947e+00 -6.461168041176193810e+00 1.348561986850146255e+01 1.984024964262319912e+01
-8.858292973461786346e+00 -6.586771155086174723e+00 1.357482781405582806e+01 2.005294905223128765e+01
-7.934992395767314299e+00 -6.085867402341895271e+00 1.160875771786191990e+01 2.266736222528038169e+01
-7.799825430611472932e+00 -5.440198637321920216e+00 9.711244130108376282e+00 2.281337413620677879e+01
-8.466153766655303059e+00 -4.624036295449903022e+00 8.317587250296549328e+00 2.647805921577305099e+01
-8.128319479872274655e+00 -4.805547755670513510e+00 8.595590004429674025e+00 9.395136565815420226e+00
-7.941648810193653318e+00 -5.055809887177641571e+00 5.878764380992634209e+00 1.255084015454184865e+01
-8.710055497441125283e+00 -3.940700031218505650e+00 1.765997612114892146e+00 1.630269272770560818e+01
-8.682896576461891058e+00 -3.748844996647789696e+00 -6.373550945327628448e-01 2.128353362546757666e+01
-9.116498248391081916e+00 -3.991303188353827913e+00 -2.305306960500383973e+00 2.216558129727276594e+01
-8.512497655044217737e+00 -4.936577169884364125e+00 -5.754763600002308799e+00 3.399593853861679804e+01
-8.354352337665860162e+00 -4.347395503859022625e+00 -6.437063760627973252e+00 3.207215518614290772e+01
-9.189923609528284132e+00 -3.978529799469157080e+00 -8.189724165761578689e+00 2.734980674889572683e+01
-9.785357839959123893e+00 -3.030182832732128517e+00 -7.591412508023331007e+00 2.157218559531818869e+01
-9.304197673166953564e+00 -3.054886791737651208e+00 -1.335318946843466570e+01 3.571844271302786211e+01
-9.317985192587599386e+00 -3.705402671929896030e+00 -1.345357229590759296e+01 3.040445647829258391e+01
-8.577265441764247100e+00 -3.710968505532443729e+00 -1.521824449372351040e+01 3.760755305373903923e+01
-8.241265140175112691e+00 -3.678466876530206875e+00 -1.751718191816464909e+01 3.123204292920569003e+01
-8.103083440209495336e+00 -2.797725339730981808e+00 -1.758388118414221779e+01 3.094527286022933410e+01
-6.294761365183543234e+00 -2.487746532589621307e+00 -1.600458908811048886e+01 3.306427671853474237e+01
-6.012876849777764932e+00 -3.347154199807527597e+00 -1.720979744479025797e+01 3.788248550489606714e+01
-7.722238139911077326e+00 -1.741154999281141480e+00 -1.731032735703395531e+01 3.872967259199136691e+01
-6.574793630685194401e+00 -2.351303579738309502e+00 -1.627091790249045289e+01 3.152564639727411944e+01
-7.244945370519486616e+00 -3.083345694561491435e+00 -1.615662096395140424e+01 2.565512370348835347e+01
-6.070683413007619933e+00 -2.070496285711692419e+00 -1.575054933625416353e+01 1.583699521416432709e+01
-6.123008637862168868e+00 -1.393993504763260338e+00 -1.128716509937546952e+01 6.980458223756913938e+00
-6.042589204657012658e+00 -1.716556075908941548e+00 -6.423328500110424777e+00 -1.426926002249939174e+01
-6.129806622171976471e+00 -2.278320829506098377e+00 -5.365236582603055027e+00 -1.999410665320317548e+01
-5.319238751183507752e+00 -2.807168544639153662e+00 -3.728239280487643637e+00 -3.247373447804666569e+01
-6.697328497475800724e+00 -1.673832947401739935e+00 -1.413676385199973407e+00 -5.904256382753037258e+01
-5.312028277462014003e+00 -1.456276821602432658e+00 3.152246628395826811e+00 -7.762316866643276114e+01
-5.110809868311759985e+00 -1.049054423156859928e+00 6.315111403046568483e+00 -7.520582400958183200e+01
-4.148384038756988801e+00 -1.825268849788208581e+00 6.557831550386239883e+00 -6.242235363166871309e+01
-4.453051337057954306e+00 -1.541336178314190342e+00 5.250714040443007491e+00 -5.383785491259870071e+01
-5.341358667213123468e+00 -2.235664814938979283e+00 5.391463722820285298e+00 -4.922756746816778417e+01
-4.224779162553256029e+00 -8.826356021577959066e-01 5.358685358152155409e+00 -5.280395755214498621e+01
-6.561098115530951347e+00 -9.917456824420514128e-01 4.159931441641990801e+00 -6.478069660275146191e+01
-5.377045404173903975e+00 -4.520027048520540713e-01 -2.248795120090908206e+00 -2.684265603598396410e+01
-6.114026648032593769e+00 -6.343121455989055857e-01 -2.084328025453688671e+00 -1.537095390598931566e+01
-4.771768541790308404e+00 -9.074799778007129891e-01 4.622147303004338958e+00 -2.807272681345283161e+01
-4.674593848401867646e+00 -1.237313890176516162e+00 7.162458706907416151e+00 -3.176044460525719870e+01
-6.116522744807788570e+00 -1.784544668941141721e+00 9.512998094346290401e+00 -5.241584574611655256e+01
-4.743945726339408253e+00 -1.671813010448664372e+00 2.054518792403048622e+01 -9.215816919208116076e+01
-4.891737664232802096e+00 -1.394993859252991353e+00 2.245134135552471832e+01 -1.001779539594086259e+02
-5.465657627861779666e+00 -1.151944851572860973e+00 1.473962208920966077e+01 -6.587683780207176198e+01
-4.578286439911209094e+00 -2.141870065623024955e-01 1.238451121857094961e+01 -5.480760044864474168e+01
-5.590226542003133403e+00 -4.749462315237652499e-01 9.270319832629168033e+00 -4.261270365738194954e+01
-6.193707741798983868e+00 -7.896570148674992851e-01 1.060159645953591578e+01 -3.313011178176518712e+01
-5.129966220061415783e+00 -3.309680009127449196e+00 1.569481058116403993e+01 -4.433490281495448926e+01
-5.395063158405882575e+00 -3.623716769074523114e-01 8.795740917498262590e+00 -1.841028899514150652e+01
-6.271235483115227716e+00 -2.504680863104939093e+00 6.170111406146581601e+00 -1.177999900904310415e+01
-6.845158163345776536e+00 -2.297980116708003173e+00 5.663776187857805233e+00 -3.941537815500650410e+00
-6.687708735337134058e+00 -3.317135827732567765e+00 -4.048792509450416244e-01 -3.563625229681837148e-01
-6.566125919423223323e+00 -4.625516753107342005e+00 -2.305653638064216526e+00 -4.546881035412582150e-01
-6.570358851831265667e+00 -5.380805351990383123e+00 3.062419923706127811e-02 -1.072458631507574900e+01
-9.034500400149324761e+00 -7.854139300400998280e+00 -1.772605360068055802e-01 -1.813801544825560441e+01
-9.424760174327268203e+00 -8.095139098695742774e+00 4.021226393087259154e+00 -3.649469835172988041e+01
-8.760587138434797083e+00 -8.144705489581014035e+00 3.500297001150977749e+00 -3.146301656572763861e+01
-8.970303953234788352e+00 -8.616950200776326341e+00 2.172045383745065728e+00 -1.706235988185399322e+01
-8.171877584483942414e+00 -7.656359365578534693e+00 5.173109656517388188e+00 -2.547815619469713866e+01
-7.442222486470853049e+00 -4.795093499882691290e+00 -7.280265197752089357e-02 -2.952794928877701341e+00
-7.795231390427188600e+00 -3.470726752303163298e+00 -3.076709246164512912e+00 3.239154632783655674e-01
-7.115945801725191089e+00 -5.240125871407544267e+00 -2.044499570347341866e+00 3.016720661804749071e+00
-6.721211951397585871e+00 -5.213515640622787828e+00 -1.084002348073990429e+00 4.395017868171411379e+00
-8.343580321986735271e+00 -3.985168048557066633e+00 -2.255039862865627853e+00 -2.868311888170384183e+00
-8.788623582892855168e+00 -4.491432677456884903e+00 -3.235154738424084186e+00 2.203316575790434384e-02
-6.951727742216888828e+00 -4.391018712329477935e+00 -1.277652167288230167e-01 -8.419099716990958271e+00
-8.347330498941342825e+00 -5.332042385484591307e+00 -2.275542993715986562e+00 6.513400184033417695e+00
-7.135345901038982142e+00 -5.242326394461371386e+00 -1.914630026361101134e+00 -4.192310453689650274e+00
-8.085481678446914344e+00 -4.968450999822052516e+00 -2.261069110685047789e-01 -2.344530522313505116e+01
-8.724137013300554244e+00 -4.752166302667931497e+00 -1.388388744649578621e+00 -1.134934984869565611e+01
-7.696238037459860237e+00 -6.123245583228129618e+00 -3.457748243040965619e-01 -1.891459843132514607e+01
-8.463171613064446319e+00 -6.012823113716551759e+00 -1.580956488380149905e+00 -4.706648141547707276e+00
-9.272670402355357666e+00 -5.332565763042893536e+00 -2.059769898346621719e+00 -4.245495468823774488e+00
-9.489689252027824651e+00 -5.351373212365462706e+00 9.037289333529860968e-01 -1.544547204529864004e+01
-7.575074767043893154e+00 -5.179885995003592924e+00 -2.424086087451342131e+00 6.972101561185883867e+00
-6.827976664883169455e+00 -4.316692628526554110e+00 -2.409098894738024299e+00 1.702525851151742842e+01
-6.465271690558118678e+00 -4.083879201374960743e+00 -8.859547788956365633e-01 2.226580001910488704e+01
-7.286308422833963405e+00 -3.804647626359640711e+00 -4.496348790806777629e+00 3.108559248062098135e+01
-6.188181994468057390e+00 -4.172481271267306724e+00 -2.088241244846368083e+00 3.184328001903215721e+01
-6.813289315164285931e+00 -4.183932512292756201e+00 -2.930700862391220074e+00 2.892626455474426805e+01
-5.276876660472430203e+00 -3.434419858042688123e+00 -4.304939636866844666e+00 2.542694368760074042e+01
-6.260130174521324697e+00 -5.644700542158082257e+00 -2.663172760698311325e+00 1.345386613019257638e+01
-5.615593030276967212e+00 -5.581670519731334323e+00 -1.946077476824789043e+00 1.321279302299453562e+01
-5.533111983178086390e+00 -4.731487340110378526e+00 -3.824519493646632462e+00 1.351481148221350814e+01
-4.556938564709906103e+00 -4.110614243301651705e+00 -4.575423097730904942e+00 1.956710098829128697e+01
-5.155585238021921590e+00 -3.226448316020491092e+00 -4.375921223852271780e+00 2.842311377940301043e+01
-4.956760306905801272e+00 -3.660342333237310175e+00 -4.351835134391855320e+00 2.113420729932568420e+01
-4.212585096517450722e+00 -4.488914621071718791e+00 -4.244186915685524752e+00 1.872493748464112784e+01
-5.746211106634874000e+00 -2.992875629998302145e+00 -5.772665121267811728e+00 1.862565576601310369e+01
-4.161624806000274290e+00 -4.159143349093749720e+00 -4.898617515491110908e+00 1.193226442665856624e+01
-5.673504636087475461e+00 -4.824212564032507089e+00 -3.601734412347475267e+00 -5.303079180236841772e+00
-5.030292941149831165e+00 -3.403634506517597469e+00 -4.965445001163016236e+00 -9.777589079464378941e+00
-4.761103998302251838e+00 -4.957030593841225574e+00 -3.501205040228087206e+00 -2.735777680578025395e-01
-5.883412504060185455e+00 -4.153663728073578199e+00 -3.708081544606455893e+00 -1.493448795497435366e+00
-4.865309589509076993e+00 -4.246493092619934018e+00 -5.502274014105343447e+00 -5.441790023774555785e+00
-5.635269892918040924e+00 -4.810332348113504963e+00 -4.557861225911704395e+00 -7.340532530999349881e+00
-6.616266910048235417e+00 -4.755704286159643246e+00 -7.062112339884587087e+00 -1.286419060959970295e+01
-7.917332581161703686e+00 -4.546976930222012214e+00 -7.586726611865765690e+00 -1.789936435580275997e+01
-8.410242502103200124e+00 -5.220117578868554986e+00 -8.228828874765998336e+00 -2.174197431928778101e+01
-8.974970368214444605e+00 -4.910977088678076363e+00 -9.591625773794790533e+00 -1.958934089586894345e+01
-9.237666354566524518e+00 -5.032373516024231108e+00 -9.412807165807508980e+00 -2.453162903687211838e+01
-9.869108584113202909e+00 -5.107681848188634355e+00 -1.166978220270040900e+01 -3.405800698297924356e+01
-9.681912970334371593e+00 -6.227239411943629399e+00 -1.143865947048646881e+01 -2.411184082329537048e+01
-9.476410050019802966e+00 -5.567029084105074688e+00 -1.274619473666156821e+01 -2.822153984956629102e+01
-9.044837866371995716e+00 -6.273543891976117948e+00 -1.416756919870350728e+01 -2.951595584102007663e+01
-1.087993865395358029e+01 -5.411645135382209482e+00 -1.475424464158426652e+01 -2.763480749421819738e+01
-1.044631229167291053e+01 -5.253544993523252771e+00 -1.321891423747871741e+01 -2.031035665885574559e+01
-8.810394416093357606e+00 -5.698324510532247089e+00 -1.332503830944221868e+01 -1.471571312238471485e+01
-9.843165775545521967e+00 -5.523077969749745186e+00 -1.387490078844992958e+01 -1.065986511411141890e+01
-8.110867508927100289e+00 -6.600563595458345922e+00 -1.221386121233178379e+01 -5.167854617513993887e+00
-9.311909887384054230e+00 -6.313837444980868518e+00 -1.506137958767818930e+01 -9.351665994018024008e+00
-8.871689161887999830e+00 -6.562430660681112471e+00 -1.412727339345585875e+01 -1.439417699113391969e+01
-9.505658695056382612e+00 -5.909165094557419451e+00 -1.468444480175340772e+01 -2.739835471237467956e+00
-8.051328634856830035e+00 -5.734279912619394182e+00 -1.341807834037977720e+01 2.586390162492656852e+00
-7.628190483560786106e+00 -5.729538969836661444e+00 -1.516589794967151406e+01 -2.924218181499894875e+00
-9.102168260484482687e+00 -4.824895351314236969e+00 -1.544841617794001110e+01 -1.497714958681957143e+00
-8.463166802829285018e+00 -6.418675303066515347e+00 -1.345739240206599874e+01 3.157495227812735727e+00
-7.323076749805157881e+00 -6.428285600108700315e+00 -1.313757180650282841e+01 1.512459915263105081e+01
-7.754717543723518958e+00 -5.710905145201887301e+00 -1.299738973418932808e+01 2.516688500284679009e+01
-6.138725182683584691e+00 -5.678413736865826067e+00 -1.348200857916951811e+01 3.610403785755071482e+01
-7.336076231577134621e+00 -6.183831072498851000e+00 -1.353689706330900222e+01 4.234587335418191856e+01
-5.583712473322458791e+00 -4.481052026279153111e+00 -1.570741003149930393e+01 5.125208153317997528e+01
-5.564535120500815779e+00 -5.251429071089654954e+00 -1.636675388071922299e+01 5.369031414064190244e+01
-4.639675096129304066e+00 -5.883002547975307195e+00 -1.341896327215341955e+01 4.258320013165551643e+01
-4.847117777429452268e+00 -5.422570553196803367e+00 -1.267383154004539492e+01 2.804291223015624013e+01
-3.803836171354433304e+00 -3.961545299615672810e+00 -1.126200454792475014e+01 2.409753749551657265e+01
-2.779780143571581874e+00 -5.569131961094993422e+00 -1.352523980659397829e+01 2.028268390964000290e+01
-2.554193367225308986e+00 -4.582039565982423568e+00 -1.355542691541383071e+01 4.263652182502272581e+01
-4.849964894539954274e-01 -3.451567290230753038e+00 -1.207711383769073343e+01 6.842542786665268295e+01
-1.633365706357012392e+00 -3.735236363984346220e+00 -1.418469677444726962e+01 7.736504495171455176e+01
-1.597981225371712721e+00 1.929859152563029312e-02 1.562606261971242638e+01 3.905309319993813233e+01
-2.187444792689795747e+00 -9.452011564045808001e-01 1.027016890753023404e+01 3.942250931643054912e+01
-4.368675397542364891e+00 7.319781817058099715e-01 1.170741118972110506e+01 2.970939000315883760e+01
-3.898530067493219065e+00 7.580487895679373089e-01 1.080840566198241426e+01 2.118182598923310422e+01
-3.037791588462368964e+00 -3.060030712713510681e-01 8.996864646277449751e+00 3.817715704831717716e+01
-2.781293852813623069e+00 6.460672633867470260e-01 9.891634753601415753e+00 3.110093165045422126e+01
-3.189384675347535669e+00 1.711347236050685117e-01 1.159171758299809518e+01 2.996608030852234705e+01
-3.884966074872483688e+00 7.380461670561246912e-01 1.144898909324995628e+01 1.553445188261953191e+01
-4.612468470093582518e+00 -3.549260208135576189e-01 9.626637704642361015e+00 1.728323822870205362e+01
-4.922188448298800090e+00 6.159741538118399529e-01 9.045236088074570802e+00 2.147781565438184970e+01
-3.912658777810466226e+00 7.986441309608258710e-01 6.361653381186854972e+00 4.101754478825556305e+01
-3.965669622484013779e+00 -6.134577539392298551e-01 2.702368904773443603e+00 4.209224703393069689e+01
-5.214851842131200677e+00 -6.917677894782958692e-01 1.567078124168495457e+00 3.527854320527957555e+01
-4.754605741836350319e+00 8.965260880410521604e-01 -6.321417698518080108e+00 6.415761572465561358e+01
-4.877073187653879316e+00 3.327749646751874124e-01 -8.582837869080325532e+00 7.189213671675044282e+01
-5.443879344336226112e+00 2.331353391843371536e-01 -1.447862024838058836e+01 1.021471369135236813e+02
-5.040524339276076127e+00 -4.394659923752982644e-01 -1.370458068941877627e+01 7.735063946825741255e+01
-5.641184066860970070e+00 -2.254119064052967636e-01 -1.546493337356495523e+01 7.777205470340217630e+01
-6.385250598575787251e+00 1.995785530923863127e-02 -1.741749779969943646e+01 9.483253812065157717e+01
-4.696518607321459982e+00 1.935397137884101448e-01 -1.756783694774525628e+01 7.843462228309532236e+01
-6.493983134151960712e+00 -1.175600000488808528e+00 -1.199585396144803973e+01 7.197619712144992832e+01
-5.970623559816207404e+00 -1.531813063916015683e+00 -9.533376746215633801e+00 6.718850959571257420e+01
-5.325401180250674216e+00 -9.570068933798777655e-01 -9.463273784785508624e+00 5.317469208518959789e+01
-5.221654209381517475e+00 -1.671717015366178005e+00 -9.232622610050267298e+00 5.249568195918335078e+01
-6.691532603923707079e+00 -2.339024378897263556e+00 -6.169547921441385085e+00 3.350128571914667930e+01
-6.812222195617223974e+00 -1.549756969349677105e+00 -3.130262981888706442e+00 3.469834301504872087e+01
-5.496485110759197212e+00 -1.978184107145495974e+00 -2.340092777734248841e+00 3.269038701911656375e+01
-6.899389845109056729e+00 -1.615963573153001764e+00 -5.710026664349243664e-02 2.875275654706308259e+01
-5.890704424770245140e+00 -2.398165991388940377e+00 -3.255560894049239096e+00 4.860527472055191112e+01
-7.420630902962416897e+00 -1.628905964024746744e+00 -1.174758703272345439e+00 4.742004462708207768e+01
-6.780669189387206863e+00 -2.414460024026859664e+00 1.181626860894380737e+00 3.439199791901481262e+01
-6.198752117325581068e+00 -1.201509901063131602e+00 -7.794592464450602609e-01 4.968070159764671700e+01
-6.416249135070097864e+00 -1.296434271883313061e+00 -1.856956673033536287e-01 5.129029811367396974e+01
-6.063853464274000515e+00 -1.238721818411051112e+00 -1.311393615281712943e+00 5.989249907887191426e+01
-6.260895636110975104e+00 -1.164200688244142690e+00 -3.511211362093501265e+00 6.134063209539169748e+01
-6.850258214574113325e+00 -9.722575660310679435e-01 -2.587716510438717421e+00 5.736220989048253927e+01
-6.975997716836163320e+00 -2.249286968957684874e+00 -1.622661090198198597e+00 5.131684745397015490e+01
-6.628210018918917257e+00 -2.996747927619042962e+00 -1.694039332016033628e+00 5.112280194645092024e+01
-8.299492710542445195e+00 -1.297723867712059720e+00 -3.301168687714011174e+00 4.599712822837926751e+01
-1.003610823970152666e+01 -7.347176509090560526e-01 -4.054681213733433154e+00 2.040463433263253989e+01
-1.219391703861214538e+01 -1.756839538884706897e-01 -4.546648748700751419e+00 -4.689171636192173587e+00
-1.442706906014692336e+01 -2.581150490536068265e-01 -8.105656585723883367e+00 -3.608904193892366408e+01
-1.464351652042026508e+01 -3.126421162021315592e-01 -6.137031434502716820e+00 -4.473623073969772435e+01
-1.284945065058104952e+01 -1.372580104821282454e+00 -7.281987337582684461e+00 -4.281158085679490455e+01
-1.369433762469126137e+01 -1.878774564047910323e+00 -7.381871830462671369e+00 -5.279572983510339412e+01
-1.272197731735579218e+01 -2.081580353742709111e-01 -6.979303225119117826e+00 -5.192105402769795575e+01
-1.363295136268233243e+01 -6.264319715467794314e-01 -6.639013943057078038e+00 -5.448955023334417547e+01
-1.417849924794366423e+01 2.726242898186193031e-02 -6.561528326236388153e+00 -5.905507947880455788e+01
-1.386283541696552746e+01 -7.578027557890081312e-01 -5.683367114290573063e+00 -7.085923860838404664e+01
-1.445080375796241690e+01 -1.337971712470244157e+00 -5.174550560029768320e+00 -6.546176300446340690e+01
-1.355866302160140791e+01 -1.539735797804858475e+00 -5.289448118936254772e+00 -6.051786583742158143e+01
-1.390281368823065655e+01 -3.197466532540912398e-01 -5.182938770115413263e+00 -6.125499335361713094e+01
-1.288960309339199206e+01 -2.965926362052998533e-01 -5.603915739452238753e+00 -6.690823054320138397e+01
-1.259942341145518263e+01 -1.566672135781459474e+00 -6.117012115263559480e+00 -6.613060172028109207e+01
-1.353954664528002283e+01 -1.013089130510045788e+00 -7.356558791524759222e+00 -5.836084349192207554e+01
-1.370389817723805237e+01 -1.459217003825810099e+00 -5.101721620124461509e+00 -5.303193777676813880e+01
-1.166679673555553087e+01 -1.882269741851413380e-01 -7.092547353141954503e+00 -3.102619204596452462e+01
-1.190083868579810655e+01 -1.493774450747419991e+00 -4.522433705726417230e+00 -3.125328961613015721e+01
-1.248084015773994082e+01 -5.958453665289127343e-01 -5.673291855357165403e+00 -2.697517496675730442e+01
-1.232980267004776920e+01 -1.310265792063680212e+00 -3.440181046732976533e+00 -2.441913782005145706e+01
-1.154527009192336884e+01 -1.261555683174347298e+00 -4.367276402036173621e+00 -2.018716321736062014e+01
-1.176179097382475902e+01 -1.049755837366765920e+00 -1.604657325808144019e+00 -2.139996428819472030e+01
-9.819226853196658666e+00 -2.028275699461379311e-01 -2.993079894557363563e+00 -2.245784570763519028e+01
-9.918752866848681293e+00 -5.715101853378288244e-01 -2.311795001944279893e+00 -1.086577688216170756e+01
-1.006793499594763475e+01 -1.859897418428037019e+00 -1.572897975865092945e-01 -1.140289531170968651e+01
-8.388652572788386053e+00 -2.032899693026893218e+00 3.064853978444684879e-01 -2.936305243166306145e-01
-8.770633738223448717e+00 -7.686338585918033317e-01 -6.364947895469812433e-01 5.580073209075552043e+00
-7.778886861083166515e+00 -2.002365999960861842e+00 -2.008917178988292473e+00 7.058218047150567109e+00
-8.349561113608233498e+00 -2.154689104722176118e+00 -3.379370109793954136e+00 6.126904339250710763e+00
-7.465454220126536811e+00 -1.649721317561668510e+00 -4.154440340779842700e+00 4.688710200187846233e+00
-6.994302398690865452e+00 -1.730141621373621819e+00 -4.747159005414065547e+00 1.562641449093251111e+01
-8.431605570998303989e+00 -2.821078636837266895e+00 -2.794981179532226800e+00 1.094491638689474122e+01
-7.428126263827567577e+00 -2.496051695051335617e+00 -3.400108085904038457e+00 2.717349381478688208e+00
-8.089618794884465558e+00 -3.363954553802474656e+00 -2.376825147922760895e+00 -4.821385752406829539e+00
-8.012783869039397544e+00 -3.610595000365172780e+00 -3.132544482052852963e+00 -1.991305112268995714e+01
-7.721930658439958961e+00 -2.988387048142338465e+00 -3.796892484157933012e+00 -4.918471065458295044e+00
-7.205040615076441668e+00 -4.222297073327196060e+00 -3.702310065737621780e+00 -1.781983787702512645e+00
-6.263976949357906499e+00 -3.136910293208889478e+00 -3.518122091288787612e+00 7.877408823914549885e+00
-6.786301000404394657e+00 -3.460852355158165139e+00 -5.089375043129070519e+00 -7.666514133670699671e+00
-7.590875062363013903e+00 -3.021557112416535240e+00 -7.349941879374546794e+00 6.031101372216196577e-01
-7.136625088173574660e+00 -1.749769922646671638e+00 -5.027638351056847199e+00 -6.640222431778856071e-01
-7.449299006437301252e+00 -2.260624867630224077e+00 -4.703557790163139352e+00 -1.119775137133879817e+01
-6.248673174100357386e+00 -2.595086868955822634e+00 -2.412365803673877096e+00 -2.625410206457274853e+01
-6.719005423575314495e+00 -2.814539805840382769e+00 -1.526573551787457461e+00 -4.475804970904312796e+01
-6.612206302237278344e+00 -3.706641247737592515e+00 -2.839165995969498368e+00 -5.092657192716829684e+01
-6.783408298748623722e+00 -2.600843894252222732e+00 -3.232672116740071377e+00 -4.687411293226327302e+01
-7.100977496593054106e+00 -2.147116340643269172e+00 -5.651935086599946700e+00 -6.005846769316656975e+01
-7.675844390249880078e+00 -2.510075093082360098e+00 -7.714609267553509397e+00 -5.863172139342814404e+01
-9.162885990520939217e+00 -4.635105192628663495e+00 -5.378959924402285431e+00 -6.001706428498575718e+01
-9.367234413535776127e+00 -4.773452899016108475e+00 -5.597974873507662430e+00 -6.047799980136222331e+01
-9.283376476034513658e+00 -3.683123884728214836e+00 -7.536878898012274064e+00 -6.608242714390978279e+01
-1.033562463420846456e+01 -2.761193911146778923e+00 -9.339058755973926651e+00 -7.134472509585270927e+01
-9.634218529243863571e+00 -2.690990738759793999e+00 -7.404995134006428614e+00 -6.713257144087127415e+01
-9.148375766425791866e+00 -4.015175837292611405e+00 -7.641422604031936849e+00 -6.905500996633141142e+01
-8.732908970532735182e+00 -3.623187545982395008e+00 -6.607692138140538241e+00 -6.433453158112754977e+01
-1.023869343513340624e+01 -5.773109439542096766e+00 -5.720590949554594573e+00 -6.159926213715995402e+01
-7.861586572207163393e+00 -4.291908606125630854e+00 -4.577803742302789303e+00 -5.475922850899119254e+01
-7.746345665163869576e+00 -4.338798834931094639e+00 -3.808484206690533114e+00 -4.547285924027772097e+01
-6.703096698706011658e+00 -5.082437598586041716e+00 -1.952601942479041730e+00 -3.620495929930347501e+01
-7.131702873504742080e+00 -5.040929118412998733e+00 -1.485087906096394850e+00 -3.758271884687234632e+01
-6.751027540711145747e+00 -6.047978045255365309e+00 -1.631891606418618412e+00 -3.545623616919633747e+01
-6.880685515475679637e+00 -6.950916646667340437e+00 -1.988402228932114824e+00 -3.165307028049261007e+01
-6.125599930960986761e+00 -7.311113850724543006e+00 -2.544306361882093803e-01 -2.799851454754776370e+01
-6.197481174784552849e+00 -6.526337683005849044e+00 -1.666587366274038473e+00 -2.383369505831283419e+01
-7.036918906007818109e+00 -6.764498560526864601e+00 -2.383001563452135763e+00 -1.497037219132749897e+01
-6.939704051473630564e+00 -6.723116388986852598e+00 5.066436042316269095e-02 -1.200816185683506276e+01
-6.561324856158815777e+00 -7.871716701267345684e+00 3.427527833166887916e-02 -1.842969176245502538e+01
-5.901442384248213990e+00 -7.613422848168760027e+00 1.534907538325893661e+00 -2.455080215490885820e+01
-5.524638747970591623e+00 -8.126197500267007712e+00 1.627752958519218973e+00 -2.219781815515333889e+01
-7.083615544375037487e+00 -8.364538752877272998e+00 -6.091057172426237454e-01 -1.913220094653064862e+01
-5.452757783474174502e+00 -7.834381268709885049e+00 3.278145868042677602e+00 -2.448427290126651457e+01
-5.759077935360801703e+00 -7.756084564730295838e+00 2.006608428573523284e+00 -1.235925119525338545e+01
-7.021020499722099295e+00 -8.339920252052044347e+00 -6.004078376124085681e-01 -8.467181180973280874e+00
-5.864577805752954731e+00 -9.537509963087423159e+00 2.653887153758923922e+00 -1.191040716500446806e+01
-6.071834109883522679e+00 -9.138078965983257973e+00 4.066045956453096188e+00 -1.119286606824432795e+01
-5.769246205355962331e+00 -9.573420115047012402e+00 6.203102434520955555e+00 -1.535377747562377060e+01
-6.190659305706229354e+00 -8.870637489566661316e+00 5.321819680740916603e+00 -8.340286460446984407e+00
-5.640137154711805323e+00 -1.026903653828191842e+01 7.843062731461124315e+00 -1.125130939750570036e+01
-6.207195285495188841e+00 -8.460614368545975594e+00 3.245350731357477425e+00 -6.071260504142057535e+00
-6.929225418353086141e+00 -1.000742829688815405e+01 -1.838551245218818186e+00 5.750413750167915339e+00
-6.054962792999333487e+00 -9.677836077541456916e+00 -3.455789552393655040e+00 3.541495606819130337e+00
-7.188750082178691159e+00 -1.085089972194223407e+01 -2.787986756213973294e+00 4.978403174363490891e+00
-6.234164543177789675e+00 -1.028033832672900694e+01 -6.013439499328457671e+00 2.048145389842766306e+01
-5.361420630468115789e+00 -8.985790588084032748e+00 -9.751570449223823545e+00 2.973345009167876540e+01
-3.028211199240725904e+00 -8.905430641486898224e+00 -1.506645604681583528e+01 5.901862441435390139e+01
-2.973077088370795540e+00 -9.589296518440708184e+00 -1.178173166139446693e+01 6.414204756742933000e+01
-1.254887081798354176e+00 -9.967676178606202697e+00 -4.882921960904615943e+00 6.487282661962160546e+01
-7.974735135557740051e-01 -9.497943887219573611e+00 7.403439206074207135e-01 5.581409153754977126e+01
-2.745911096087814141e-01 -9.759040563835910120e+00 5.969970004406945030e+00 4.836869215307304870e+01
8.893912243487294145e-01 -9.406438137556405010e+00 5.690098033171651970e+00 4.805759274499535394e+01
9.026870251143410684e-01 -9.764684478651279420e+00 3.391467204429841509e+00 4.716541029862128909e+01
-7.233589225779077925e-01 -1.132356950799991324e+01 3.851672493995422553e+00 4.452999573428832036e+01
-4.719867538633357729e-01 -1.229643702045240694e+01 4.656882469037063821e+00 4.220935293088395923e+01
-1.808467532052766558e-01 -1.057221176919340699e+01 5.963140685192054313e+00 2.610152109565939327e+01
1.963166098417024052e-01 -1.115711673494874745e+01 8.407591841205354299e+00 1.789902544672220230e+01
-1.235543180454976575e-01 -1.258729986154462033e+01 9.651361702297528211e+00 -5.998512986195570384e+00
6.119017951004279698e-01 -1.120866959845935895e+01 7.391189439663727434e+00 -1.309919347057402206e+01
3.900495972280970669e-01 -1.180073335905730225e+01 9.760051808221387404e+00 -3.668713497431665616e+01
-6.691705735561770396e-03 -1.402671678269936173e+01 1.061031279152615348e+01 -2.692446774847658730e+01
3.727287151861233827e-01 -1.336030196667206127e+01 1.084369851781308647e+01 -1.019681165353646968e+01
8.850748235235321726e-01 -1.455925578762391837e+01 9.757668174444789955e+00 -3.769015693427151703e+00
6.067823504796403533e-01 -1.306420628599896361e+01 1.029557287617207173e+01 -2.679378618080531904e+00
-1.422691504863076162e-01 -1.409273998662801120e+01 1.177872879804396078e+01 -4.392310791112152835e+00
7.008111662955192056e-01 -1.368581457976634752e+01 1.265615323083219934e+01 -5.265177079013096062e+00
2.081400082227702342e-01 -1.490129959427747153e+01 1.263422949919107374e+01 -9.162958700621388175e+00
-1.115456121445477233e-01 -1.393705057710861084e+01 1.722764894597994001e+01 -2.191635246553651228e+01
-1.802046853737646614e-01 -1.508949359802404544e+01 2.073489643071269839e+01 -3.137083088354095395e+01
4.825152915343127180e-01 -1.593441747405511855e+01 2.014949361981203424e+01 -3.352623861840549324e+01
7.520651722466533684e-01 -1.460984076665690878e+01 2.579874198407143382e+01 -5.048049944407410550e+01
-3.123100018482965479e-01 -1.565920231450327549e+01 2.649750614635009072e+01 -6.815135720633892902e+01
